year,material,region,recycling_rate,remanufacturing_rate,disposal_rate
1870,nickel,China,0.0207923147562189,0.02,0.9592076852437812
1870,nickel,EU27,0.0197469129506676,0.02,0.9602530870493324
1870,nickel,RoW,0.0158620373897697,0.02,0.9641379626102302
1870,tin,China,0.0126864166268565,0.02,0.9673135833731434
1870,tin,EU27,0.014727838244996,0.02,0.965272161755004
1870,tin,RoW,0.0148858734003737,0.02,0.9651141265996264
1870,zinc,China,0.0202867723640882,0.02,0.9597132276359116
1870,zinc,EU27,0.0165834126364055,0.02,0.9634165873635944
1870,zinc,RoW,0.0141371078831793,0.02,0.9658628921168206
1871,nickel,China,0.0218255585482537,0.02,0.9581744414517462
1871,nickel,EU27,0.0207282070228934,0.02,0.9592717929771064
1871,nickel,RoW,0.0166502782303959,0.02,0.963349721769604
1871,tin,China,0.0133168496198423,0.02,0.9666831503801576
1871,tin,EU27,0.0154597167113983,0.02,0.9645402832886016
1871,tin,RoW,0.0156256051936005,0.02,0.9643743948063994
1871,zinc,China,0.0212948939634089,0.02,0.9587051060365912
1871,zinc,EU27,0.01740750116903,0.02,0.96259249883097
1871,zinc,RoW,0.0148396308648138,0.02,0.965160369135186
1872,nickel,China,0.0229084395829364,0.02,0.9570915604170636
1872,nickel,EU27,0.0217566426626249,0.02,0.9582433573373752
1872,nickel,RoW,0.0174763863218805,0.02,0.9625236136781194
1872,tin,China,0.0139775687424787,0.02,0.9660224312575212
1872,tin,EU27,0.0162267547686984,0.02,0.9637732452313016
1872,tin,RoW,0.0164008738531484,0.02,0.9635991261468516
1872,zinc,China,0.0223514459301121,0.02,0.9576485540698878
1872,zinc,EU27,0.0182711790829529,0.02,0.961728820917047
1872,zinc,RoW,0.0155759031938664,0.02,0.9644240968061336
1873,nickel,China,0.0240431691429261,0.02,0.9559568308570738
1873,nickel,EU27,0.0228343199730342,0.02,0.9571656800269658
1873,nickel,RoW,0.0183420486071462,0.02,0.9616579513928536
1873,tin,China,0.0146699232073672,0.02,0.9653300767926328
1873,tin,EU27,0.0170305187366493,0.02,0.9629694812633508
1873,tin,RoW,0.0172132625059614,0.02,0.9627867374940384
1873,zinc,China,0.0234585857819378,0.02,0.9565414142180622
1873,zinc,EU27,0.0191762100400476,0.02,0.9608237899599524
1873,zinc,RoW,0.0163474283653488,0.02,0.9636525716346512
1874,nickel,China,0.0252320394815213,0.02,0.9547679605184788
1874,nickel,EU27,0.0239634159568687,0.02,0.9560365840431312
1874,nickel,RoW,0.0192490137999825,0.02,0.9607509862000174
1874,tin,China,0.0153953116312906,0.02,0.9646046883687094
1874,tin,EU27,0.0178726322890072,0.02,0.9621273677109928
1874,tin,RoW,0.0180644122484159,0.02,0.961935587751584
1874,zinc,China,0.0246185500385526,0.02,0.9553814499614474
1874,zinc,EU27,0.0201244222822758,0.02,0.959875577717724
1874,zinc,RoW,0.0171557649278186,0.02,0.9628442350721812
1875,nickel,China,0.02647742497364,0.02,0.95352257502636
1875,nickel,EU27,0.0251461856095615,0.02,0.9548538143904384
1875,nickel,RoW,0.0201990932631051,0.02,0.9598009067368948
1875,tin,China,0.0161551827374807,0.02,0.9638448172625192
1875,tin,EU27,0.0187547772688058,0.02,0.9612452227311942
1875,tin,RoW,0.0189560229703437,0.02,0.9610439770296564
1875,zinc,China,0.0258336553445453,0.02,0.9541663446554548
1875,zinc,EU27,0.0211177095496793,0.02,0.9588822904503208
1875,zinc,RoW,0.0180025272659544,0.02,0.9619974727340456
1876,nickel,China,0.0277817830704495,0.02,0.9522182169295504
1876,nickel,EU27,0.0263849628258641,0.02,0.953615037174136
1876,nickel,RoW,0.0211941617364242,0.02,0.9588058382635758
1876,tin,China,0.0169510359380864,0.02,0.9630489640619136
1876,tin,EU27,0.0196786943645497,0.02,0.9603213056354504
1876,tin,RoW,0.0198898540384815,0.02,0.9601101459615184
1876,zinc,China,0.0271062994008456,0.02,0.9528937005991543
1876,zinc,EU27,0.0221580318417684,0.02,0.9578419681582316
1876,zinc,RoW,0.0188893862496266,0.02,0.9611106137503732
1877,nickel,China,0.029147655029288,0.02,0.950852344970712
1877,nickel,EU27,0.0276821610930687,0.02,0.9523178389069312
1877,nickel,RoW,0.0222361578938869,0.02,0.9577638421061132
1877,tin,China,0.0177844217795345,0.02,0.9622155782204654
1877,tin,EU27,0.0206461836272415,0.02,0.9593538163727584
1877,tin,RoW,0.0208677248190452,0.02,0.9591322751809548
1877,zinc,China,0.0284389616768994,0.02,0.9515610383231006
1877,zinc,EU27,0.0232474159996886,0.02,0.9567525840003114
1877,zinc,RoW,0.0198180697301868,0.02,0.9601819302698132
1878,nickel,China,0.0305776663882928,0.02,0.9494223336117072
1878,nickel,EU27,0.0290402739417735,0.02,0.9509597260582264
1878,nickel,RoW,0.0233270847055612,0.02,0.9566729152944388
1878,tin,China,0.0186569422321237,0.02,0.9613430577678762
1878,tin,EU27,0.0216591048065745,0.02,0.9583408951934256
1878,tin,RoW,0.0218915150175307,0.02,0.9581084849824693
1878,zinc,China,0.0298342038737555,0.02,0.9501657961262444
1878,zinc,EU27,0.0243879560847713,0.02,0.9556120439152288
1878,zinc,RoW,0.0207903628631761,0.02,0.9592096371368238
1879,nickel,China,0.0320745271528674,0.02,0.9479254728471326
1879,nickel,EU27,0.0304618751229736,0.02,0.9495381248770264
1879,nickel,RoW,0.024469009579888,0.02,0.955530990420112
1879,tin,China,0.0195702508037972,0.02,0.9604297491962028
1879,tin,EU27,0.0227193774830133,0.02,0.9572806225169866
1879,tin,RoW,0.0229631648122117,0.02,0.9570368351877884
1879,zinc,China,0.0312946701060001,0.02,0.9487053298939998
1879,zinc,EU27,0.0255818135272554,0.02,0.9544181864727446
1879,zinc,RoW,0.0218081082351078,0.02,0.9581918917648922
1880,nickel,China,0.0336410316588019,0.02,0.946358968341198
1880,nickel,EU27,0.0319496184780642,0.02,0.9480503815219358
1880,nickel,RoW,0.0256640642592591,0.02,0.9543359357407408
1880,tin,China,0.0205260524566262,0.02,0.9594739475433738
1880,tin,EU27,0.0238289809708385,0.02,0.9561710190291616
1880,tin,RoW,0.0240846747561434,0.02,0.9559153252438566
1880,zinc,China,0.032823086768205,0.02,0.947176913231795
1880,zinc,EU27,0.0268312170171161,0.02,0.953168782982884
1880,zinc,RoW,0.0228732057704007,0.02,0.9571267942295992
1881,nickel,China,0.0352800580745284,0.02,0.9447199419254716
1881,nickel,EU27,0.0335062374661215,0.02,0.9464937625338784
1881,nickel,RoW,0.0269144444402969,0.02,0.9530855555597032
1881,tin,China,0.0215261033031106,0.02,0.9584738966968892
1881,tin,EU27,0.0249899539655781,0.02,0.955010046034422
1881,tin,RoW,0.0252581054208112,0.02,0.9547418945791888
1881,zinc,China,0.0344222620492844,0.02,0.9455777379507156
1881,zinc,EU27,0.0281384621070757,0.02,0.9518615378929244
1881,zinc,RoW,0.0239876123929522,0.02,0.9560123876070478
1882,nickel,China,0.036994567502666,0.02,0.943005432497334
1882,nickel,EU27,0.0351345443106208,0.02,0.9448654556893792
1882,nickel,RoW,0.0282224090884416,0.02,0.9517775909115584
1882,tin,China,0.0225722100579886,0.02,0.9574277899420114
1882,tin,EU27,0.0262043939076043,0.02,0.9537956060923956
1882,tin,RoW,0.0264855767528989,0.02,0.953514423247101
1882,zinc,China,0.0360950850558864,0.02,0.9439049149441135
1882,zinc,EU27,0.02950591049602,0.02,0.95049408950398
1882,zinc,RoW,0.0251533414152613,0.02,0.9548466585847386
1883,nickel,China,0.038787602638734,0.02,0.941212397361266
1883,nickel,EU27,0.0368374287255863,0.02,0.9431625712744136
1883,nickel,RoW,0.0295902794147108,0.02,0.9504097205852892
1883,tin,China,0.0236662292198496,0.02,0.9563337707801504
1883,tin,EU27,0.0274744560320584,0.02,0.9525255439679416
1883,tin,RoW,0.0277692671140188,0.02,0.9522307328859811
1883,zinc,China,0.0378445245037162,0.02,0.9421554754962838
1883,zinc,EU27,0.0309359889592221,0.02,0.949064011040778
1883,zinc,RoW,0.0263724616264606,0.02,0.9536275383735392
1884,nickel,China,0.0406622859427027,0.02,0.9393377140572972
1884,nickel,EU27,0.0386178561790745,0.02,0.9413821438209254
1884,nickel,RoW,0.0310204374808123,0.02,0.9489795625191876
1884,tin,China,0.0248100659555091,0.02,0.9551899340444908
1884,tin,EU27,0.0288023520737046,0.02,0.9511976479262954
1884,tin,RoW,0.0291114119716675,0.02,0.9508885880283324
1884,zinc,China,0.0396736269335452,0.02,0.9403263730664548
1884,zinc,EU27,0.0324311878900191,0.02,0.9475688121099808
1884,zinc,RoW,0.0276470960491178,0.02,0.952352903950882
1885,nickel,China,0.042621817276973,0.02,0.937378182723027
1885,nickel,EU27,0.0404788656499113,0.02,0.9395211343500888
1885,nickel,RoW,0.0325153243972065,0.02,0.9474846756027936
1885,tin,China,0.0260056726588223,0.02,0.9539943273411776
1885,tin,EU27,0.0301903485938373,0.02,0.9498096514061628
1885,tin,RoW,0.0305143022081809,0.02,0.949485697791819
1885,zinc,China,0.0415855144066198,0.02,0.93841448559338
1885,zinc,EU27,0.0339940594159251,0.02,0.9460059405840748
1885,zinc,RoW,0.0289794203332509,0.02,0.951020579666749
1886,nickel,China,0.0446694709624556,0.02,0.9353305290375444
1886,nickel,EU27,0.0424235668317865,0.02,0.9375764331682136
1886,nickel,RoW,0.0340774380772484,0.02,0.9459225619227516
1886,tin,China,0.0272550471544533,0.02,0.9527449528455466
1886,tin,EU27,0.0316407648950112,0.02,0.9483592351049888
1886,tin,RoW,0.0319802820130887,0.02,0.9480197179869112
1886,zinc,China,0.0435833816323191,0.02,0.9364166183676808
1886,zinc,EU27,0.0356272150506367,0.02,0.9443727849493632
1886,zinc,RoW,0.030371660754698,0.02,0.949628339245302
1887,nickel,China,0.0468085922027291,0.02,0.9331914077972708
1887,nickel,EU27,0.0444551367371992,0.02,0.9355448632628008
1887,nickel,RoW,0.0357093305092499,0.02,0.94429066949075
1887,tin,China,0.0285602305160773,0.02,0.9514397694839226
1887,tin,EU27,0.0331559704881624,0.02,0.9468440295118375
1887,tin,RoW,0.0335117463230563,0.02,0.9464882536769436
1887,zinc,China,0.0456704924792552,0.02,0.9343295075207448
1887,zinc,EU27,0.0373333228420332,0.02,0.9426666771579668
1887,zinc,RoW,0.0318260917838311,0.02,0.9481739082161688
1888,nickel,China,0.0490425928248438,0.02,0.9309574071751562
1888,nickel,EU27,0.0465768156524071,0.02,0.9334231843475927
1888,nickel,RoW,0.0374136045072256,0.02,0.9425863954927745
1888,tin,China,0.0299233044676357,0.02,0.9500766955323644
1888,tin,EU27,0.0347383820756882,0.02,0.9452616179243116
1888,tin,RoW,0.0351111377725922,0.02,0.9448888622274078
1888,zinc,China,0.0478501758196353,0.02,0.9321498241803646
1888,zinc,EU27,0.0391151039751528,0.02,0.9408848960248472
1888,zinc,RoW,0.0333450331896444,0.02,0.9466549668103555
1889,nickel,China,0.05137494628428,0.02,0.92862505371572
1889,nickel,EU27,0.0487919023935262,0.02,0.9312080976064736
1889,nickel,RoW,0.0391929099002759,0.02,0.940807090099724
1889,tin,China,0.0313463883356138,0.02,0.948653611664386
1889,tin,EU27,0.0363904600133051,0.02,0.9436095399866948
1889,tin,RoW,0.0367809431179402,0.02,0.9432190568820598
1889,zinc,China,0.0501258206556691,0.02,0.9298741793443308
1889,zinc,EU27,0.0409753287882757,0.02,0.9390246712117244
1889,zinc,RoW,0.0349308466435263,0.02,0.9450691533564736
1890,nickel,China,0.0538091818809329,0.02,0.926190818119067
1890,nickel,EU27,0.0511037488133263,0.02,0.9288962511866736
1890,nickel,RoW,0.0410499391200778,0.02,0.9389500608799222
1890,tin,China,0.0328316355199287,0.02,0.9471683644800712
1890,tin,EU27,0.0381147042130516,0.02,0.9418852957869484
1890,tin,RoW,0.0385236890961204,0.02,0.9414763109038796
1890,zinc,China,0.0525008704761845,0.02,0.9274991295238154
1890,zinc,EU27,0.0429168121597434,0.02,0.9370831878402566
1890,zinc,RoW,0.0365859317865916,0.02,0.9434140682134085
1891,nickel,China,0.0563488781328669,0.02,0.923651121867133
1891,nickel,EU27,0.0535157535081416,0.02,0.9264842464918585
1891,nickel,RoW,0.042987422145857,0.02,0.9370125778541428
1891,tin,China,0.0343812294509297,0.02,0.9456187705490704
1891,tin,EU27,0.039913649449715,0.02,0.940086350550285
1891,tin,RoW,0.0403419376809917,0.02,0.9396580623190084
1891,zinc,China,0.0549788167914933,0.02,0.9250211832085068
1891,zinc,EU27,0.0449424082230367,0.02,0.9350575917769632
1891,zinc,RoW,0.0383127217243669,0.02,0.941687278275633
1892,nickel,China,0.0589976552550534,0.02,0.9210023447449466
1892,nickel,EU27,0.0560313546747646,0.02,0.9239686453252354
1892,nickel,RoW,0.0450081207665684,0.02,0.9349918792334316
1892,tin,China,0.0359973790003055,0.02,0.9440026209996945
1892,tin,EU27,0.0417898600332884,0.02,0.9382101399667117
1892,tin,RoW,0.0422382806985425,0.02,0.9377617193014576
1892,zinc,China,0.0575631917949993,0.02,0.9224368082050006
1892,zinc,EU27,0.0470550043680114,0.02,0.9329449956319884
1892,zinc,RoW,0.040113677912934,0.02,0.939886322087066
1893,nickel,China,0.0617591666914563,0.02,0.9182408333085436
1893,nickel,EU27,0.0586540220682837,0.02,0.9213459779317162
1893,nickel,RoW,0.0471148221208944,0.02,0.9328851778791056
1893,tin,China,0.0376823133143918,0.02,0.942317686685608
1893,tin,EU27,0.0437459238108861,0.02,0.9362540761891138
1893,tin,RoW,0.0442153337644443,0.02,0.9357846662355556
1893,zinc,China,0.0602575601011724,0.02,0.9197424398988276
1893,zinc,EU27,0.0492575144871084,0.02,0.9307424855128916
1893,zinc,RoW,0.0419912844014268,0.02,0.9380087155985732
1894,nickel,China,0.0646370896507724,0.02,0.9153629103492276
1894,nickel,EU27,0.0613872480136704,0.02,0.9186127519863296
1894,nickel,RoW,0.049310331477153,0.02,0.930689668522847
1894,tin,China,0.0394382760395598,0.02,0.94056172396044
1894,tin,EU27,0.0457844454629158,0.02,0.9342155545370842
1894,tin,RoW,0.0462757295082898,0.02,0.93372427049171
1894,zinc,China,0.063065509511402,0.02,0.916934490488598
1894,zinc,EU27,0.0515528714269053,0.02,0.9284471285730946
1894,zinc,RoW,0.0439480413970934,0.02,0.9360519586029066
1895,nickel,China,0.0676351145989662,0.02,0.9123648854010338
1895,nickel,EU27,0.0642345374266111,0.02,0.9157654625733888
1895,nickel,RoW,0.0515974642173635,0.02,0.9284025357826364
1895,tin,China,0.0412675189110934,0.02,0.9387324810889064
1895,tin,EU27,0.0479080390603171,0.02,0.9320919609396828
1895,tin,RoW,0.0484221100509673,0.02,0.9315778899490328
1895,zinc,China,0.0659906407620085,0.02,0.9140093592379914
1895,zinc,EU27,0.0539440186076329,0.02,0.926055981392367
1895,zinc,RoW,0.0459864581210611,0.02,0.9340135418789388
1896,nickel,China,0.070756933665559,0.02,0.909243066334441
1896,nickel,EU27,0.0671993968027084,0.02,0.9128006031972916
1896,nickel,RoW,0.05397903699264,0.02,0.92602096300736
1896,tin,China,0.0431722946792947,0.02,0.9368277053207053
1896,tin,EU27,0.0501193198523787,0.02,0.9298806801476212
1896,tin,RoW,0.050657118704358,0.02,0.929342881295642
1896,zinc,China,0.0690365562124225,0.02,0.9109634437875774
1896,zinc,EU27,0.0564339007763329,0.02,0.9235660992236672
1896,zinc,RoW,0.0481090449255432,0.02,0.9318909550744569
1897,nickel,China,0.074006227925563,0.02,0.905993772074437
1897,nickel,EU27,0.0702853221388576,0.02,0.9097146778611424
1897,nickel,RoW,0.0564578580208342,0.02,0.9235421419791656
1897,tin,China,0.0451548493495647,0.02,0.9348451506504352
1897,tin,EU27,0.0524208952581386,0.02,0.9275791047418612
1897,tin,RoW,0.0529833908660717,0.02,0.9270166091339282
1897,zinc,China,0.0722068474363433,0.02,0.9077931525636568
1897,zinc,EU27,0.0590254538632557,0.02,0.9209745461367442
1897,zinc,RoW,0.0503183046465722,0.02,0.9296816953534276
1898,nickel,China,0.07738665352507,0.02,0.90261334647493
1898,nickel,EU27,0.0734957857564164,0.02,0.9065042142435836
1898,nickel,RoW,0.0590367165020274,0.02,0.9209632834979724
1898,tin,China,0.0472174137169403,0.02,0.9327825862830595
1898,tin,EU27,0.0548153550387117,0.02,0.9251846449612884
1898,tin,RoW,0.0554035440863183,0.02,0.9245964559136816
1898,zinc,China,0.0755050816846693,0.02,0.9044949183153308
1898,zinc,EU27,0.0617215939159896,0.02,0.9182784060840103
1898,zinc,RoW,0.0526167231705125,0.02,0.9273832768294874
1899,nickel,China,0.0809018266259372,0.02,0.8990981733740627
1899,nickel,EU27,0.076834222002847,0.02,0.9031657779971528
1899,nickel,RoW,0.0617183711331355,0.02,0.9182816288668644
1899,tin,China,0.0493621941801056,0.02,0.9306378058198944
1899,tin,EU27,0.0573052606331453,0.02,0.9226947393668546
1899,tin,RoW,0.0579201672893341,0.02,0.9220798327106658
1899,zinc,China,0.0789347871962372,0.02,0.9010652128037628
1899,zinc,EU27,0.0645252050917314,0.02,0.9154747949082686
1899,zinc,RoW,0.0550067591976532,0.02,0.9249932408023468
1900,nickel,China,0.0845553071538302,0.02,0.8954446928461698
1900,nickel,EU27,0.0803040118168784,0.02,0.8996959881831216
1900,nickel,RoW,0.0645055377096177,0.02,0.9154944622903822
1900,tin,China,0.0515913628252703,0.02,0.9284086371747295
1900,tin,EU27,0.0598931336466566,0.02,0.9201068663533434
1900,tin,RoW,0.0605358091380936,0.02,0.9194641908619064
1900,zinc,China,0.0824994373410137,0.02,0.8975005626589863
1900,zinc,EU27,0.067439126695145,0.02,0.9125608733048548
1900,zinc,RoW,0.0574908331921789,0.02,0.922509166807821
1901,nickel,China,0.0883505813441714,0.02,0.8916494186558286
1901,nickel,EU27,0.0839084661520153,0.02,0.8960915338479847
1901,nickel,RoW,0.0674008758101347,0.02,0.9125991241898652
1901,tin,China,0.0539070467765929,0.02,0.926092953223407
1901,tin,EU27,0.0625814434873892,0.02,0.9174185565126108
1901,tin,RoW,0.063252965538404,0.02,0.916747034461596
1901,zinc,China,0.08620243359042,0.02,0.89379756640958
1901,zinc,EU27,0.0704661392574622,0.02,0.9095338607425376
1901,zinc,RoW,0.0600713155148147,0.02,0.9199286844851852
1902,nickel,China,0.0922910430923688,0.02,0.8877089569076312
1902,nickel,EU27,0.0876508082644448,0.02,0.8923491917355552
1902,nickel,RoW,0.0704069745690123,0.02,0.9095930254309876
1902,tin,China,0.0563113168170351,0.02,0.9236886831829648
1902,tin,EU27,0.0653725941562047,0.02,0.9146274058437952
1902,tin,RoW,0.0660740662869454,0.02,0.9139259337130544
1902,zinc,China,0.0900470873210089,0.02,0.889952912678991
1902,zinc,EU27,0.0736089496619066,0.02,0.9063910503380932
1902,zinc,RoW,0.0627505137424745,0.02,0.9172494862575254
1903,nickel,China,0.0963799741280924,0.02,0.8836200258719076
1903,nickel,EU27,0.0915341548841167,0.02,0.8884658451158832
1903,nickel,RoW,0.073526337551599,0.02,0.906473662448401
1903,tin,China,0.0588061752917107,0.02,0.9211938247082893
1903,tin,EU27,0.0682689102035111,0.02,0.9117310897964888
1903,tin,RoW,0.0690014608774124,0.02,0.9109985391225875
1903,zinc,China,0.0940366004707832,0.02,0.8859633995292168
1903,zinc,EU27,0.0768701753312097,0.02,0.9031298246687902
1903,zinc,RoW,0.0655306591883593,0.02,0.9144693408116408
1904,nickel,China,0.1006205230483625,0.02,0.8793794769516374
1904,nickel,EU27,0.0955614963020115,0.02,0.8844385036979885
1904,nickel,RoW,0.0767613667590303,0.02,0.9032386332409696
1904,tin,China,0.0613935433149378,0.02,0.918606456685062
1904,tin,EU27,0.0712726218777514,0.02,0.9087273781222486
1904,tin,RoW,0.072037403489639,0.02,0.9079625965103608
1904,zinc,China,0.0981740450820703,0.02,0.8818259549179297
1904,zinc,EU27,0.0802523275049436,0.02,0.8997476724950564
1904,zinc,RoW,0.0684138926461361,0.02,0.9115861073538638
1905,nickel,China,0.1050156832607739,0.02,0.874984316739226
1905,nickel,EU27,0.0997356754223408,0.02,0.8802643245776591
1905,nickel,RoW,0.0801143458015607,0.02,0.8998856541984392
1905,tin,China,0.0640752473123129,0.02,0.915924752687687
1905,tin,EU27,0.0743858495019087,0.02,0.9056141504980912
1905,tin,RoW,0.0751840371984591,0.02,0.9048159628015408
1905,zinc,China,0.1024623417810328,0.02,0.8775376582189671
1905,zinc,EU27,0.0837577936476071,0.02,0.8962422063523928
1905,zinc,RoW,0.0714022493930988,0.02,0.9085977506069012
1906,nickel,China,0.1095682699062754,0.02,0.8704317300937245
1906,nickel,EU27,0.1040593658456113,0.02,0.8759406341543886
1906,nickel,RoW,0.0835874222934175,0.02,0.8964125777065824
1906,tin,China,0.0668530049401605,0.02,0.9131469950598394
1906,tin,EU27,0.0776105871271999,0.02,0.9023894128728
1906,tin,RoW,0.0784433774519967,0.02,0.9015566225480032
1906,zinc,China,0.106904237261547,0.02,0.8730957627384529
1906,zinc,EU27,0.0873888190428321,0.02,0.8926111809571678
1906,zinc,RoW,0.0744976434995066,0.02,0.9055023565004934
1907,nickel,China,0.1142808958504515,0.02,0.8657191041495484
1907,nickel,EU27,0.1085350490670222,0.02,0.8714649509329777
1907,nickel,RoW,0.0871825895370339,0.02,0.892817410462966
1907,tin,China,0.0697284104366298,0.02,0.9102715895633702
1907,tin,EU27,0.0809486855269579,0.02,0.8990513144730421
1907,tin,RoW,0.0818172948830677,0.02,0.8981827051169322
1907,zinc,China,0.1115022808602283,0.02,0.8684977191397717
1907,zinc,EU27,0.0911474876446494,0.02,0.8888525123553506
1907,zinc,RoW,0.0777018515045802,0.02,0.9022981484954198
1908,nickel,China,0.1191559468530644,0.02,0.8608440531469356
1908,nickel,EU27,0.1131649908944405,0.02,0.8668350091055594
1908,nickel,RoW,0.0909016675803937,0.02,0.8890983324196062
1908,tin,China,0.0727029194714079,0.02,0.907297080528592
1908,tin,EU27,0.0844018346084527,0.02,0.8955981653915472
1908,tin,RoW,0.0853074975322728,0.02,0.8946925024677271
1908,zinc,China,0.1162588003296995,0.02,0.8637411996703005
1908,zinc,EU27,0.0950357022733584,0.02,0.8849642977266415
1908,zinc,RoW,0.0810164955337798,0.02,0.8989835044662201
1909,nickel,China,0.1241955560475385,0.02,0.8558044439524615
1909,nickel,EU27,0.1179512172110126,0.02,0.8620487827889873
1909,nickel,RoW,0.0947462837479451,0.02,0.8852537162520548
1909,tin,China,0.0757778335743946,0.02,0.9042221664256054
1909,tin,EU27,0.0879715453359227,0.02,0.8920284546640772
1909,tin,RoW,0.0889155125770558,0.02,0.8910844874229441
1909,zinc,China,0.1211758769385789,0.02,0.8588241230614211
1909,zinc,EU27,0.0990551642610234,0.02,0.8809448357389765
1909,zinc,RoW,0.0844430259468996,0.02,0.8955569740531003
1910,nickel,China,0.1294015778848339,0.02,0.8505984221151661
1910,nickel,EU27,0.1228954892290955,0.02,0.8571045107709044
1910,nickel,RoW,0.0987178527629071,0.02,0.8812821472370929
1910,tin,China,0.0789542842375746,0.02,0.9010457157624252
1910,tin,EU27,0.0916591312742162,0.02,0.8883408687257838
1910,tin,RoW,0.0926426676773018,0.02,0.8873573323226982
1910,zinc,China,0.1262553200488798,0.02,0.8537446799511201
1910,zinc,EU27,0.1032073526697807,0.02,0.8767926473302192
1910,zinc,RoW,0.0879827036219895,0.02,0.8920172963780104
1911,nickel,China,0.1347755617194738,0.02,0.8452244382805262
1911,nickel,EU27,0.1279992784043336,0.02,0.8520007215956664
1911,nickel,RoW,0.1028175565965835,0.02,0.8771824434034164
1911,tin,China,0.082233216798551,0.02,0.897766783201449
1911,tin,EU27,0.0954656898789587,0.02,0.8845343101210412
1911,tin,RoW,0.0964900720647416,0.02,0.8835099279352584
1911,zinc,China,0.1314986413442648,0.02,0.8485013586557352
1911,zinc,EU27,0.1074935032247377,0.02,0.8725064967752623
1911,zinc,RoW,0.0916365819959712,0.02,0.8883634180040287
1912,nickel,China,0.1403187252389829,0.02,0.8396812747610171
1912,nickel,EU27,0.1332637412010178,0.02,0.8467362587989822
1912,nickel,RoW,0.1070463241982169,0.02,0.8729536758017831
1912,tin,China,0.0856153742285337,0.02,0.8943846257714663
1912,tin,EU27,0.099392083675805,0.02,0.880607916324195
1912,tin,RoW,0.1004585975202492,0.02,0.8795414024797508
1912,zinc,China,0.1369070289055182,0.02,0.8430929710944818
1912,zinc,EU27,0.1119145871219789,0.02,0.8680854128780211
1912,zinc,RoW,0.0954054889987842,0.02,0.8845945110012158
1913,nickel,China,0.1460319279612328,0.02,0.8339680720387672
1913,nickel,EU27,0.1386896939219404,0.02,0.8413103060780596
1913,nickel,RoW,0.1114048112766484,0.02,0.8685951887233515
1913,tin,China,0.0891012809617643,0.02,0.8908987190382357
1913,tin,EU27,0.1034389214877903,0.02,0.8765610785122097
1913,tin,RoW,0.1045488593997566,0.02,0.8754511406002433
1913,zinc,China,0.1424813213522746,0.02,0.8375186786477253
1913,zinc,EU27,0.1164712898907347,0.02,0.8635287101092652
1913,zinc,RoW,0.0992900090337054,0.02,0.8807099909662945
1914,nickel,China,0.1519156450467021,0.02,0.8280843549532979
1914,nickel,EU27,0.1442775878373289,0.02,0.8357224121626711
1914,nickel,RoW,0.1158933803222197,0.02,0.8641066196777802
1914,tin,China,0.0926912269170836,0.02,0.8873087730829163
1914,tin,EU27,0.1076065398857463,0.02,0.8723934601142537
1914,tin,RoW,0.1087611978856251,0.02,0.8712388021143749
1914,zinc,China,0.1482219822920052,0.02,0.8317780177079948
1914,zinc,EU27,0.121163990506717,0.02,0.858836009493283
1914,zinc,RoW,0.1032904651717842,0.02,0.8767095348282158
1915,nickel,China,0.1579699416938849,0.02,0.8220300583061151
1915,nickel,EU27,0.1500274848676093,0.02,0.8299725151323907
1915,nickel,RoW,0.1205120810735466,0.02,0.8594879189264534
1915,tin,China,0.0963852518753086,0.02,0.8836147481246913
1915,tin,EU27,0.1118949850517787,0.02,0.8681050149482212
1915,tin,RoW,0.1130956596555112,0.02,0.8669043403444887
1915,zinc,China,0.1541290753379744,0.02,0.8258709246620256
1915,zinc,EU27,0.1259927409705589,0.02,0.8540072590294411
1915,zinc,RoW,0.1074069017427723,0.02,0.8725930982572276
1916,nickel,China,0.1641944484054537,0.02,0.8158055515945463
1916,nickel,EU27,0.1559390340931439,0.02,0.8240609659068561
1916,nickel,RoW,0.1252606316485731,0.02,0.8547393683514268
1916,tin,China,0.1001831303878975,0.02,0.8798168696121025
1916,tin,EU27,0.1163039952595267,0.02,0.8636960047404733
1916,tin,RoW,0.1175519801746337,0.02,0.8624480198253662
1916,zinc,China,0.1602022399767776,0.02,0.8197977600232224
1916,zinc,EU27,0.1309572465807459,0.02,0.8490427534192541
1916,zinc,RoW,0.1116390675180958,0.02,0.8683609324819042
1917,nickel,China,0.1705883374296637,0.02,0.8094116625703363
1917,nickel,EU27,0.1620114493801211,0.02,0.8179885506198789
1917,nickel,RoW,0.1301384005721955,0.02,0.8498615994278045
1917,tin,China,0.1040843574026891,0.02,0.8759156425973108
1917,tin,EU27,0.1208329841868829,0.02,0.859167015813117
1917,tin,RoW,0.1221295668294319,0.02,0.8578704331705681
1917,zinc,China,0.1664406685825487,0.02,0.8135593314174513
1917,zinc,EU27,0.1360568471438889,0.02,0.8439431528561111
1917,zinc,RoW,0.1159863996928984,0.02,0.8640136003071015
1918,nickel,China,0.1771503006952448,0.02,0.8028496993047551
1918,nickel,EU27,0.1682434884248433,0.02,0.8117565115751567
1918,nickel,RoW,0.1351443899432352,0.02,0.8448556100567648
1918,tin,China,0.108088134800893,0.02,0.8719118651991069
1918,tin,EU27,0.1254810252865964,0.02,0.8545189747134035
1918,tin,RoW,0.1268274831304598,0.02,0.8531725168695402
1918,zinc,China,0.1728430848883395,0.02,0.8071569151116604
1918,zinc,EU27,0.1412904993761647,0.02,0.8387095006238353
1918,zinc,RoW,0.1204480088835361,0.02,0.8595519911164639
1919,nickel,China,0.1838785295679969,0.02,0.7961214704320031
1919,nickel,EU27,0.1746334335281254,0.02,0.8053665664718745
1919,nickel,RoW,0.1402772199911547,0.02,0.8397227800088453
1919,tin,China,0.1121933590455889,0.02,0.8678066409544111
1919,tin,EU27,0.1302468374472442,0.02,0.8497531625527558
1919,tin,RoW,0.1316444342194947,0.02,0.8483555657805053
1919,zinc,China,0.1794077242349127,0.02,0.8005922757650873
1919,zinc,EU27,0.1466567607576999,0.02,0.8333432392423
1919,zinc,RoW,0.1250226653636843,0.02,0.8549773346363156
1920,nickel,China,0.1907706967628547,0.02,0.7892293032371452
1920,nickel,EU27,0.1811790744167909,0.02,0.798820925583209
1920,nickel,RoW,0.1455351152771369,0.02,0.8344648847228631
1920,tin,China,0.1163986101453862,0.02,0.8636013898546138
1920,tin,EU27,0.1351287721809888,0.02,0.8448712278190111
1920,tin,RoW,0.1365787539198147,0.02,0.8434212460801853
1920,zinc,China,0.1861323159225938,0.02,0.7938676840774062
1920,zinc,EU27,0.1521537751061019,0.02,0.827846224893898
1920,zinc,RoW,0.1297087867659911,0.02,0.8502912132340089
1921,nickel,China,0.1978239407457032,0.02,0.7821760592542968
1921,nickel,EU27,0.1878776934297351,0.02,0.7921223065702648
1921,nickel,RoW,0.1509158927945438,0.02,0.8290841072054562
1921,tin,China,0.1207021421372016,0.02,0.8592978578627983
1921,tin,EU27,0.1401248025749022,0.02,0.8398751974250978
1921,tin,RoW,0.1416283935689657,0.02,0.8383716064310343
1921,zinc,China,0.1930140679923399,0.02,0.7869859320076601
1921,zinc,EU27,0.1577792601357492,0.02,0.8222207398642508
1921,zinc,RoW,0.1345044274765613,0.02,0.8454955725234387
1922,nickel,China,0.2050348529541525,0.02,0.7749651470458475
1922,nickel,EU27,0.1947260533812198,0.02,0.7852739466187801
1922,nickel,RoW,0.1564169522199047,0.02,0.8235830477800953
1922,tin,China,0.1251018752890245,0.02,0.8548981247109755
1922,tin,EU27,0.1452325142390469,0.02,0.834767485760953
1922,tin,RoW,0.1467909128697127,0.02,0.8332090871302873
1922,zinc,China,0.2000496547572277,0.02,0.7799503452427723
1922,zinc,EU27,0.1635304972654122,0.02,0.8164695027345877
1922,zinc,RoW,0.1394072699461085,0.02,0.8405927300538915
1923,nickel,China,0.2123994681553573,0.02,0.7676005318446427
1923,nickel,EU27,0.2017203884034837,0.02,0.7782796115965163
1923,nickel,RoW,0.1620352685570907,0.02,0.8179647314429093
1923,tin,China,0.1295953902167466,0.02,0.8504046097832534
1923,tin,EU27,0.1504490984766216,0.02,0.8295509015233784
1923,tin,RoW,0.1520634729868979,0.02,0.827936527013102
1923,zinc,China,0.2072352073947117,0.02,0.7727647926052883
1923,zinc,EU27,0.1694043239279004,0.02,0.8105956760720996
1923,zinc,RoW,0.1444146181340439,0.02,0.8355853818659561
1924,nickel,China,0.2199132582414076,0.02,0.7600867417585924
1924,nickel,EU27,0.2088563980540902,0.02,0.7711436019459098
1924,nickel,RoW,0.1677673874039431,0.02,0.8122326125960568
1924,tin,China,0.1341799240984236,0.02,0.8458200759015764
1924,tin,EU27,0.1557713478890448,0.02,0.8242286521109552
1924,tin,RoW,0.1574428321053661,0.02,0.8225571678946338
1924,zinc,China,0.2145663078928731,0.02,0.7654336921071269
1924,zinc,EU27,0.1753971286214247,0.02,0.8046028713785752
1924,zinc,RoW,0.1495233932898396,0.02,0.8304766067101603
1925,nickel,China,0.2275711297386039,0.02,0.752428870261396
1925,nickel,EU27,0.2161292449504324,0.02,0.7638707550495676
1925,nickel,RoW,0.1736094230521506,0.02,0.8063905769478493
1925,tin,China,0.1388523691545617,0.02,0.8411476308454383
1925,tin,EU27,0.1611956546116977,0.02,0.8188043453883023
1925,tin,RoW,0.162925343646776,0.02,0.817074656353224
1925,zinc,China,0.2220379866202546,0.02,0.7579620133797453
1925,zinc,EU27,0.1815048489230614,0.02,0.7984951510769386
1925,zinc,RoW,0.1547301322595356,0.02,0.8252698677404644
1926,nickel,China,0.2353674252759647,0.02,0.7446325747240353
1926,nickel,EU27,0.2235335561644061,0.02,0.7564664438355939
1926,nickel,RoW,0.179557059607543,0.02,0.800442940392457
1926,tin,China,0.143609273544126,0.02,0.836390726455874
1926,tin,EU27,0.1667180113541133,0.02,0.8132819886458866
1926,tin,RoW,0.1685069573209504,0.02,0.8114930426790495
1926,zinc,China,0.2296447237586624,0.02,0.7503552762413376
1926,zinc,EU27,0.187722972659994,0.02,0.7922770273400059
1926,zinc,RoW,0.1600309884842064,0.02,0.8199690115157936
1927,nickel,China,0.243295929220689,0.02,0.736704070779311
1927,nickel,EU27,0.2310634285745314,0.02,0.7489365714254685
1927,nickel,RoW,0.1856055552892726,0.02,0.7943944447107274
1927,tin,China,0.1484468448030145,0.02,0.8315531551969855
1927,tin,EU27,0.1723340153917487,0.02,0.8076659846082512
1927,tin,RoW,0.1741832231604827,0.02,0.8058167768395172
1927,zinc,China,0.237380454801609,0.02,0.742619545198391
1927,zinc,EU27,0.1940465424042144,0.02,0.7859534575957856
1927,zinc,RoW,0.165421735831625,0.02,0.814578264168375
1928,nickel,China,0.2513498776442859,0.02,0.728650122355714
1928,nickel,EU27,0.2387124383310026,0.02,0.7412875616689973
1928,nickel,RoW,0.1917497500327734,0.02,0.7882502499672266
1928,tin,China,0.153360955924885,0.02,0.826639044075115
1928,tin,EU27,0.1780388756253022,0.02,0.8019611243746978
1928,tin,RoW,0.1799492986558024,0.02,0.8000507013441975
1928,zinc,China,0.2452385802781267,0.02,0.7347614197218733
1928,zinc,EU27,0.2004701634212486,0.02,0.7795298365787514
1928,zinc,RoW,0.1708977753724318,0.02,0.8091022246275682
1929,nickel,China,0.2595219727331542,0.02,0.7204780272668457
1929,nickel,EU27,0.2464736545417275,0.02,0.7335263454582724
1929,nickel,RoW,0.1979840764833005,0.02,0.7820159235166995
1929,tin,China,0.15834715415376,0.02,0.82165284584624
1929,tin,EU27,0.1838274227881705,0.02,0.7961725772118294
1929,tin,RoW,0.1857999590721624,0.02,0.7942000409278376
1929,zinc,China,0.2532119798129701,0.02,0.7267880201870298
1929,zinc,EU27,0.2069880151636627,0.02,0.7730119848363373
1929,zinc,RoW,0.1764541451781734,0.02,0.8035458548218266
1930,nickel,China,0.2678044017022207,0.02,0.7121955982977792
1930,nickel,EU27,0.254339657235022,0.02,0.7256603427649779
1930,nickel,RoW,0.2043025744247647,0.02,0.7756974255752352
1930,tin,China,0.1634006725241711,0.02,0.8165993274758289
1930,tin,EU27,0.1896941228435647,0.02,0.7903058771564353
1930,tin,RoW,0.1917296109905107,0.02,0.7882703890094893
1930,zinc,China,0.2612930305803902,0.02,0.7187069694196098
1930,zinc,EU27,0.2135938663560928,0.02,0.7664061336439072
1930,zinc,RoW,0.1820855331810623,0.02,0.7979144668189376
1931,nickel,China,0.2761888602107047,0.02,0.7038111397892952
1931,nickel,EU27,0.2623025595980692,0.02,0.7176974404019307
1931,nickel,RoW,0.2106989086431454,0.02,0.7693010913568545
1931,tin,China,0.1685164441482712,0.02,0.8114835558517288
1931,tin,EU27,0.1956330935706165,0.02,0.7843669064293834
1931,tin,RoW,0.1977323090715719,0.02,0.7822676909284281
1931,zinc,China,0.2694736301505696,0.02,0.7105263698494304
1931,zinc,EU27,0.2202810936710516,0.02,0.7597189063289483
1931,zinc,RoW,0.1877862930948197,0.02,0.7922137069051802
1932,nickel,China,0.2846665802161947,0.02,0.6953334197838053
1932,nickel,EU27,0.2703540344305418,0.02,0.7096459655694581
1932,nickel,RoW,0.2171663901758045,0.02,0.7628336098241955
1932,tin,China,0.1736891192109797,0.02,0.8063108807890202
1932,tin,EU27,0.2016381242942822,0.02,0.7783618757057178
1932,tin,RoW,0.2038017759974607,0.02,0.7761982240025392
1932,zinc,China,0.2777452236664579,0.02,0.702254776333542
1932,zinc,EU27,0.2270427039446217,0.02,0.7529572960553783
1932,zinc,RoW,0.1935504633532155,0.02,0.7864495366467845
1933,nickel,China,0.2932283621382505,0.02,0.6867716378617494
1933,nickel,EU27,0.2784853446910731,0.02,0.7015146553089269
1933,nickel,RoW,0.2236980008484493,0.02,0.7563019991515507
1933,tin,China,0.1789130845945839,0.02,0.8010869154054161
1933,tin,EU27,0.207702698667814,0.02,0.772297301332186
1933,tin,RoW,0.2099314254986166,0.02,0.7700685745013833
1933,zinc,China,0.286098835225352,0.02,0.6939011647746479
1933,zinc,EU27,0.2338713598293112,0.02,0.7461286401706888
1933,zinc,RoW,0.1993717889787404,0.02,0.7806282110212596
1934,nickel,China,0.3018646111370038,0.02,0.6781353888629962
1934,nickel,EU27,0.2866873779518318,0.02,0.6933126220481681
1934,nickel,RoW,0.2302864209513439,0.02,0.7497135790486561
1934,tin,China,0.1841824860141005,0.02,0.7958175139858995
1934,tin,EU27,0.2138200203700118,0.02,0.7661799796299882
1934,tin,RoW,0.2161143883267978,0.02,0.7638856116732021
1934,zinc,China,0.2945251032754203,0.02,0.6854748967245796
1934,zinc,EU27,0.2407594087289284,0.02,0.7392405912710716
1934,zinc,RoW,0.2052437462491476,0.02,0.7747562537508523
1935,nickel,China,0.3105653772471878,0.02,0.6694346227528122
1935,nickel,EU27,0.2949506845146826,0.02,0.6850493154853173
1935,nickel,RoW,0.2369240598567525,0.02,0.7430759401432475
1935,tin,China,0.1894912525050277,0.02,0.7905087474949722
1935,tin,EU27,0.2199830415333965,0.02,0.7600169584666034
1935,tin,RoW,0.2223435409882986,0.02,0.7576564590117014
1935,zinc,China,0.3030143197739193,0.02,0.6769856802260806
1935,zinc,EU27,0.2476989148084465,0.02,0.7323010851915535
1935,zinc,RoW,0.2111595699853764,0.02,0.7688404300146235
1936,nickel,China,0.3193203990451911,0.02,0.6606796009548088
1936,nickel,EU27,0.303265518882735,0.02,0.676734481117265
1936,nickel,RoW,0.2436030893316522,0.02,0.7363969106683478
1936,tin,China,0.1948331230667679,0.02,0.7851668769332321
1936,tin,EU27,0.2261844936749309,0.02,0.7538155063250691
1936,tin,RoW,0.2286115370065683,0.02,0.7513884629934316
1936,zinc,China,0.3115564727925294,0.02,0.6684435272074706
1936,zinc,EU27,0.2546816938217158,0.02,0.7253183061782842
1936,zinc,RoW,0.2171122832416502,0.02,0.7628877167583498
1937,nickel,China,0.3281191504676102,0.02,0.6518808495323898
1937,nickel,EU27,0.3116218842249394,0.02,0.6683781157750606
1937,nickel,RoW,0.2503154792546624,0.02,0.7296845207453375
1937,tin,China,0.2002016752289348,0.02,0.7797983247710651
1937,tin,EU27,0.232416920859045,0.02,0.747583079140955
1937,tin,RoW,0.2349108404410891,0.02,0.7450891595589109
1937,zinc,China,0.3201412921975658,0.02,0.6598587078024342
1937,zinc,EU27,0.2616993504527309,0.02,0.718300649547269
1937,zinc,RoW,0.2230947291383396,0.02,0.7569052708616604
1938,nickel,China,0.3369508903458564,0.02,0.6430491096541435
1938,nickel,EU27,0.3200095794201801,0.02,0.6599904205798198
1938,nickel,RoW,0.2570530354049973,0.02,0.7229469645950026
1938,tin,China,0.2055903552748611,0.02,0.7744096447251388
1938,tin,EU27,0.2386727147845283,0.02,0.7413272852154716
1938,tin,RoW,0.2412337613507626,0.02,0.7387662386492374
1938,zinc,China,0.3287582979802065,0.02,0.6512417020197935
1938,zinc,EU27,0.2687433178231533,0.02,0.7112566821768467
1938,zinc,RoW,0.2290996045415268,0.02,0.7509003954584732
1939,nickel,China,0.3458047141740463,0.02,0.6341952858259536
1939,nickel,EU27,0.3284182482223643,0.02,0.6515817517776357
1939,nickel,RoW,0.2638074389551446,0.02,0.7161925610448554
1939,tin,China,0.2109925098277403,0.02,0.7690074901722597
1939,tin,EU27,0.2449441514533229,0.02,0.735055848546677
1939,tin,RoW,0.2475724928561725,0.02,0.7324275071438274
1939,zinc,China,0.3373968507657017,0.02,0.6426031492342983
1939,zinc,EU27,0.2758048987810404,0.02,0.7041951012189596
1939,zinc,RoW,0.2351194952610218,0.02,0.7448805047389782
1940,nickel,China,0.3546696075878968,0.02,0.6253303924121032
1940,nickel,EU27,0.3368374300504912,0.02,0.6431625699495087
1940,nickel,RoW,0.2705702872688351,0.02,0.7094297127311648
1940,tin,China,0.216401418480739,0.02,0.763598581519261
1940,tin,EU27,0.2512234290512763,0.02,0.7287765709487236
1940,tin,RoW,0.2539191494268132,0.02,0.7260808505731867
1940,zinc,China,0.3460462039919894,0.02,0.6339537960080106
1940,zinc,EU27,0.2828753085542317,0.02,0.6971246914457683
1940,zinc,RoW,0.2411469124117269,0.02,0.7388530875882731
1941,nickel,China,0.3635345010017473,0.02,0.6164654989982526
1941,nickel,EU27,0.3452566118786182,0.02,0.6347433881213818
1941,nickel,RoW,0.2773331355825259,0.02,0.7026668644174741
1941,tin,China,0.2218103271337377,0.02,0.7581896728662623
1941,tin,EU27,0.2575027066492297,0.02,0.7224972933507703
1941,tin,RoW,0.2602658059974538,0.02,0.7197341940025461
1941,zinc,China,0.3546955572182769,0.02,0.625304442781723
1941,zinc,EU27,0.2899457183274228,0.02,0.6900542816725772
1941,zinc,RoW,0.2471743295624319,0.02,0.7328256704375681
1942,nickel,China,0.3723883248299371,0.02,0.6076116751700629
1942,nickel,EU27,0.3536652806808024,0.02,0.6263347193191976
1942,nickel,RoW,0.2840875391326729,0.02,0.695912460867327
1942,tin,China,0.2272124816866169,0.02,0.7527875183133831
1942,tin,EU27,0.2637741433180244,0.02,0.7162258566819756
1942,tin,RoW,0.2666045375028639,0.02,0.713395462497136
1942,zinc,China,0.3633341100037721,0.02,0.6166658899962278
1942,zinc,EU27,0.2970072992853099,0.02,0.6829927007146901
1942,zinc,RoW,0.253194220281927,0.02,0.7268057797180729
1943,nickel,China,0.3812200647081835,0.02,0.5987799352918165
1943,nickel,EU27,0.3620529758760431,0.02,0.6179470241239569
1943,nickel,RoW,0.290825095283008,0.02,0.6891749047169919
1943,tin,China,0.2326011617325432,0.02,0.7473988382674568
1943,tin,EU27,0.2700299372435077,0.02,0.7099700627564922
1943,tin,RoW,0.2729274584125374,0.02,0.7070725415874626
1943,zinc,China,0.3719511157864128,0.02,0.6080488842135872
1943,zinc,EU27,0.3040512666557322,0.02,0.6759487333442677
1943,zinc,RoW,0.2591990956851142,0.02,0.7208009043148857
1944,nickel,China,0.3900188161306026,0.02,0.5899811838693974
1944,nickel,EU27,0.3704093412182476,0.02,0.6095906587817523
1944,nickel,RoW,0.2975374852060182,0.02,0.6824625147939818
1944,tin,China,0.2379697138947101,0.02,0.7420302861052899
1944,tin,EU27,0.276262364427622,0.02,0.703737635572378
1944,tin,RoW,0.2792267618470583,0.02,0.7007732381529417
1944,zinc,China,0.3805359351914492,0.02,0.5994640648085507
1944,zinc,EU27,0.3110689232867476,0.02,0.6689310767132524
1944,zinc,RoW,0.2651815415818036,0.02,0.7148184584181964
1945,nickel,China,0.3987738379286059,0.02,0.5812261620713941
1945,nickel,EU27,0.3787241755862999,0.02,0.6012758244137001
1945,nickel,RoW,0.3042165146809179,0.02,0.6757834853190821
1945,tin,China,0.2433115844564503,0.02,0.7366884155435497
1945,tin,EU27,0.2824638165691562,0.02,0.6975361834308438
1945,tin,RoW,0.2854947578653279,0.02,0.694505242134672
1945,zinc,China,0.3890780882100593,0.02,0.5909219117899407
1945,zinc,EU27,0.3180517023000169,0.02,0.6619482976999831
1945,zinc,RoW,0.2711342548380773,0.02,0.7088657451619227
1946,nickel,China,0.4074746040387899,0.02,0.5725253959612101
1946,nickel,EU27,0.3869874821491507,0.02,0.5930125178508493
1946,nickel,RoW,0.3108541535863265,0.02,0.6691458464136735
